suction
XYZ
145
506.999999999998 -7.93350867903486 -52.7200673321545
506.999999999998 -8.0678350033123 -52.7347300384906
506.999999999998 -8.26800426329738 -52.7368512253005
506.999999999998 -8.5335306052586 -52.6997193932272
506.999999999998 -8.72929072223663 -52.6522548818924
506.999999999998 -8.91894899555916 -52.5855395141087
506.999999999998 -9.16159033244995 -52.4719459265039
506.999999999998 -9.38575618097972 -52.3229333554154
506.999999999998 -9.58418650895939 -52.1428690386993
506.999999999998 -9.71885074585384 -51.9936780468045
506.999999999998 -9.81905729483781 -51.8590979744756
506.999999999998 -9.89024429220736 -51.7456840026251
506.999999999998 -9.93876725988763 -51.6578731587359
506.999999999998 -9.98205046857925 -51.5674391371183
506.999999999998 -10.0214803630428 -51.4751312227203
506.999999999998 -10.0581611633793 -51.3815956284938
506.999999999998 -10.1284809324797 -51.1934935535587
506.999999999998 -10.224523805073 -50.9083592679503
506.999999999998 -10.3218213275578 -50.5885301778749
506.999999999998 -10.3987562428277 -50.3323736889508
506.999999999998 -10.4759521171617 -50.0762987438332
506.999999999998 -10.5526129308115 -49.8200691220432
506.999999999998 -10.6275064015842 -49.563325810773
506.999999999998 -10.7008564499655 -49.3061346789785
506.999999999998 -10.7889535831409 -48.9836038177931
506.999999999998 -10.88983503621 -48.5952426036914
506.999999999998 -10.9865249124684 -48.2058157620188
506.999999999998 -11.1096397952428 -47.6851705537582
506.999999999998 -11.252254681033 -47.0317475902877
506.999999999998 -11.4549480597722 -45.9809440140551
506.999999999998 -11.6600921519227 -44.6586653692962
506.999999999998 -11.8246692728243 -43.0612508426001
506.999999999998 -11.9039350008785 -41.457266259023
506.999999999998 -11.8964444018783 -40.1189678716709
506.999999999998 -11.8446943617977 -39.0499116504092
506.999999999998 -11.7829538961282 -38.2495839244078
506.999999999998 -11.6982428698782 -37.451393666417
506.999999999998 -11.5900509386343 -36.6560818588339
506.999999999998 -11.4586451701107 -35.8643230961335
506.999999999998 -11.303987499539 -35.0768366842423
506.999999999998 -11.1261928482986 -34.294307110385
506.999999999998 -10.9255069778083 -33.5174032000573
506.999999999998 -10.701995611749 -32.7468301685425
506.999999999998 -10.4561627928207 -31.9831562407356
506.999999999998 -10.1884014050954 -31.2269818363043
506.999999999998 -9.8027287355504 -30.2294544961739
506.999999999998 -9.26826959899833 -29.0038596993217
506.999999999998 -8.54762508271732 -27.5706630808057
506.999999999998 -7.75317666172051 -26.1773184575591
506.999999999998 -6.89066393717492 -24.8252963683644
506.999999999998 -5.9656591434737 -23.5154244303645
506.999999999998 -5.14768374736922 -22.4588505971791
506.999999999998 -4.46779724523793 -21.6342304791591
506.999999999998 -3.94573169164849 -21.0259823006622
506.999999999998 -3.41219440940426 -20.4277794752416
506.999999999998 -2.86780851646811 -19.8394190312541
506.999999999998 -2.31310723524129 -19.2607764902565
506.999999999998 -1.74874263190611 -18.6915346717249
506.999999999998 -1.17524202712598 -18.1314965392158
506.999999999998 -0.399010213206696 -17.396768144441
506.999999999998 0.591493965079517 -16.5000072578549
506.999999999998 1.60613383057465 -15.6305962391924
506.999999999998 2.43067306003997 -14.9503671851132
506.999999999998 3.0551068014652 -14.4475614831778
506.999999999998 3.68518762090343 -13.9518420495296
506.999999999998 4.53243094180733 -13.3000004207764
506.999999999998 5.60412048436525 -12.5016638458712
506.999999999998 6.90801634939226 -11.5680837586993
506.999999999998 8.22773940358866 -10.6568858748818
506.999999999998 9.33928989952776 -9.91480788323209
506.999999999998 10.2350274015031 -9.33095548399494
506.999999999998 10.9098524800346 -8.89769739311741
506.999999999998 11.5875738916158 -8.46895073667986
506.999999999998 12.2680454812058 -8.04454116232721
506.999999999998 12.9510145774817 -7.62412966290873
506.999999999998 13.5221559220825 -7.27702915690823
506.999999999998 14.2092519787246 -6.86334299453355
506.999999999998 15.1283436265173 -6.31665174426787
506.999999999998 16.398487701382 -5.57571355911338
506.999999999998 17.7912078544603 -4.77963394276566
506.999999999998 19.1903130360222 -3.99475698690041
506.999999999998 20.360764602982 -3.34878273831391
506.999999999998 21.2996779648082 -2.836641013368
506.999999999998 22.0050128419113 -2.45463898779508
506.999999999998 22.7114334542921 -2.07463953411827
506.999999999998 23.6546909874484 -1.5705000976133
506.999999999998 24.8361940954018 -0.944878489561238
506.999999999998 26.2574509134992 -0.200663157957354
506.999999999998 27.6817282291457 0.537766331315754
506.999999999998 29.1087352643168 1.27092423500523
506.999999999998 30.5382141344082 1.99925360261553
506.999999999998 31.9697631971704 2.72350739889679
506.999999999998 33.4033210211838 3.44378957706948
506.999999999998 34.5993974552394 4.04113481135345
506.999999999998 35.55703641498 4.51745514059834
506.999999999998 36.2756287456827 4.8739632128874
506.999999999998 36.9945546212113 5.22979522825254
506.999999999998 37.9535492224666 5.70337350454731
506.999999999998 39.1531696807181 6.29357640667405
506.999999999998 40.5937001976896 6.99980250696829
506.999999999998 42.035407075768 7.7036372336374
506.999999999998 43.2375153753537 8.28874755986483
506.999999999998 44.199632342159 8.75595448486131
506.999999999998 45.162026041738 9.22258621711938
506.999999999998 46.1248011554893 9.68843640276448
506.999999999998 47.0879206408149 10.153570969488
506.999999999998 48.0512517229086 10.6182719032206
506.999999999998 49.2557996414831 11.198344796891
506.999999999998 50.4608384367049 11.7773981379108
506.999999999998 51.4251093542495 12.2401447900644
506.999999999998 51.9375105353025 12.4857477882875
506.999999999998 52.2389032645244 12.6301712424061
506.999999999998 52.3067284195426 12.662658639899
506.999999999998 52.3519713935083 12.6843044930972
506.999999999998 52.3834867721019 12.6974281082827
506.999999999998 52.4165972075795 12.7087050835261
506.999999999998 52.4511342299988 12.7177268076057
506.999999999998 52.4732380509343 12.7223660408395
506.999999999998 52.4911752182142 12.7254552265018
506.999999999998 52.5092836613511 12.728097420218
506.999999999998 52.5414716850815 12.7314104600983
506.999999999998 52.5792136434556 12.7319969214706
506.999999999998 52.6125743539946 12.7295724306772
506.999999999998 52.6316616690595 12.7273289222315
506.999999999998 52.6793671957453 12.7202649665605
506.999999999998 52.7595955352568 12.6974094799957
506.999999999998 52.8443383562775 12.6496821892459
506.999999999998 52.9027298648172 12.602072022815
506.999999999998 52.941393932166 12.5626613097694
506.999999999998 52.9744410750615 12.5206147139127
506.999999999998 53.0018106625719 12.4771205343349
506.999999999998 53.0207141835211 12.4391153728007
506.999999999998 53.0337154047609 12.4069036301368
506.999999999998 53.0423134492248 12.3818987866057
506.999999999998 53.0496970146328 12.3560162221722
506.999999999998 53.0578010052304 12.3204606107335
506.999999999998 53.0670840867334 12.2558675387156
506.999999999998 53.0650409278806 12.1786270519658
506.999999999998 53.0493577538224 12.1024566841235
506.999999999998 53.0310796614066 12.0470313415082
506.999999999998 53.0065745270579 11.9944711027287
506.999999999998 52.9666346659094 11.9293831041333
506.999999999998 52.9049889833368 11.859601284673
506.999999999998 52.8484929795019 11.818357098703
506.999999999998 52.8197218694195 11.8013463110315


pressure
XYZ
80
507 -7.93350751627116 -52.7200686848872
507 -7.88439568884745 -52.7147077672574
507 -7.78645826359491 -52.7010966534092
507 -7.64128855012311 -52.6709798154681
507 -7.45219615886027 -52.6137669035707
507 -7.22607327530653 -52.5140601465945
507 -7.01413565531069 -52.3877069594501
507 -6.81951236975386 -52.2365920641218
507.000000000001 -6.64424686190848 -52.0630764776195
506.999999999999 -6.50435629031286 -51.8853752609295
507 -6.40027365728422 -51.7181713870954
507 -6.31103811264038 -51.5424617775021
507 -6.23680566779694 -51.3555009547647
506.999999999999 -6.16183822854694 -51.0845743929384
507.000000000003 -6.11288494818679 -50.6362770237745
506.999999999994 -6.04787415836476 -50.0131073765668
507.000000000007 -5.9482746666704 -49.2426073410967
506.999999999992 -5.81930071997209 -48.3310111890751
507.000000000007 -5.66640443292843 -47.3518928893866
506.999999999994 -5.4958390547451 -46.3760963075971
507.000000000005 -5.30972072253059 -45.4030255662046
506.999999999998 -5.10584094732069 -44.4337620970682
507.000000000001 -4.88435822248216 -43.4683434897627
506.999999999999 -4.64495903474028 -42.5074639626605
507.000000000001 -4.38715995762471 -41.552088841511
506.999999999998 -4.11081707562148 -40.603215427282
507.000000000003 -3.81593609141597 -39.6616870492107
506.999999999997 -3.50230911264386 -38.7285023158528
507.000000000003 -3.17018426597066 -37.8041695992898
506.999999999997 -2.81959263107158 -36.8887282791162
507.000000000003 -2.45004387951233 -35.9823596369918
506.999999999998 -2.06188441181246 -35.0849555830101
507.000000000001 -1.701401884139 -34.2980956604659
506.999999999999 -1.3629592740736 -33.5937369367751
506.999999999999 -1.01353170089593 -32.8947470404409
507.000000000002 -0.652823176881884 -32.201072267136
506.999999999996 -0.280853835977661 -31.5125309660546
507.000000000004 0.15917447585849 -30.732823668194
506.999999999997 0.658434819394432 -29.8889320658788
507.000000000002 1.175769607722 -29.0537817064413
506.999999999998 1.71071741125521 -28.2272066752712
507.000000000001 2.26269950565672 -27.4097061673557
506.999999999999 2.83073904819379 -26.6018111624809
506.999999999999 3.41396170588369 -25.8040558298371
507.000000000003 4.01156812155324 -25.0170349770553
506.999999999996 4.62222149042459 -24.240827025975
507.000000000004 5.24545765007542 -23.4753270689892
506.999999999997 5.88108212118054 -22.7203571197024
507.000000000002 6.52822214547098 -21.9751951307289
506.999999999998 7.18672379284812 -21.2396867044509
507.000000000002 7.85618390583211 -20.5135251181284
506.999999999998 8.53571177700126 -19.7960926648539
507.000000000002 9.23430929698739 -19.0784826323336
506.999999999997 10.0815255374967 -18.229791347887
507.000000000004 11.0837414391271 -17.2570895965157
506.999999999996 12.2462726025331 -16.166554343621
507.000000000002 13.5758362547626 -14.9659715949887
507.000000000001 15.0676057444751 -13.6699586464067
506.999999999998 16.399124919098 -12.5539580164077
507.000000000003 17.6245974842806 -11.55472975365
506.999999999997 18.8613102431832 -10.5691633080372
507.000000000003 20.1083480509338 -9.5967548107622
506.999999999998 21.364568198839 -8.6366483941838
507.000000000001 22.8227505734497 -7.54773594079072
507 24.4188397578066 -6.38239632440177
506.999999999999 26.0270388180963 -5.23362632588636
507.000000000002 27.645600839889 -4.09925338860043
506.999999999998 29.2738438975087 -2.97867550658591
507.000000000002 30.9107227184282 -1.87080441115262
506.999999999998 32.8352395605646 -0.587849172586718
507.000000000003 35.1001423460809 0.896260572808552
506.999999999997 37.7098509654197 2.57455126396515
507.000000000004 40.6682674639951 4.44073957857673
506.999999999993 43.6020091632243 6.25622758221168
507.000000000011 46.3008868214038 7.90244161805334
506.999999999983 48.7442172982175 9.37579208085384
507.000000000024 50.514969708875 10.4340683978455
506.99999999998 51.6087621193152 11.0844646994935
506.999999999978 52.4047098604547 11.5559727231411
506.999999999976 52.8197214773343 11.8013464476027